Overall: 2.439449044146
Egyptain: 1.458969908708
Emirati: 1.629501784096
Jordanian: 3.720714380059
Palestinian: 2.484273213802
