Overall: 2.720202902248
Egyptain: 1.528288851170
Emirati: 1.570726412569
Jordanian: 4.269181867370
Palestinian: 2.928753998644
